 waypoints = [   10 10;
                 20 15;
                 40 10;
                 63 5;
                 82 40;
                 65 55;
                 45 60;
                 23 75;
                 5 80];

landmak_coordinates= [ 10 10;
                       40 4;
                       30 20;
                       50 3;
                       58 13;
                       65  13;
                       65  30;
                       60 40;
                       86 40;
                       80 22; 
                       59 60;
                       35 50;
                       35 80;
                       50 65;
                       45 63;
                       2 80;
                       23 83];